n,lin,quad,matmult
100,.002,.001,
200,.002,.001,
300,.002,.002,
400,.003,.002,
500,.003,.002,
600,.003,.003,
700,.003,.003,
800,.003,.003,
900,.005,.004,
1000,.003,.004,
1100,.003,.005,
1200,.004,.006,
1300,.006,.010,
1400,.004,.009,
1500,.005,.009,
1600,.005,.010,
1700,.005,.011,
1800,.005,.012,
1900,.005,.016,
2000,.005,.015,
2100,.006,.016,
2200,.006,.022,
2300,.006,.019,
2400,.006,.021,
2500,.007,.023,
2600,.009,.025,
2700,.007,.026,
2800,.007,.028,
2900,.009,.033,
3000,.008,.032,
3100,.008,.035,
3200,.009,.041,
3300,.011,.039,
3400,.009,.041,
3500,.011,.045,
3600,.011,.046,
3700,.010,.048,
3800,.011,.051,
3900,.010,.054,
4000,.016,.058,
4100,.013,.062,
4200,.011,.064,
4300,.011,.065,
4400,.011,.071,
4500,.020,.072,
4600,.015,.075,
4700,.022,.079,
4800,.016,.084,
4900,.014,.085,
5000,.013,.089,
5100,.013,.094,
5200,.013,.095,
5300,.014,.099,
5400,.014,.103,
5500,.013,.106,
5600,.015,.110,
5700,.014,.115,
5800,.017,.118,
5900,.027,.123,
6000,.017,.126,
6100,.019,.130,
6200,.017,.136,
6300,.017,.138,
6400,.016,.144,
6500,.018,.148,
6600,.016,.151,
6700,.016,.157,
6800,.016,.164,
6900,.018,.171,
7000,.019,.175,
7100,.018,.176,
7200,.020,.196,
7300,.019,.189,
7400,.020,.191,
7500,.021,.200,
7600,.019,.203,
7700,.022,.207,
7800,.020,.217,
7900,.019,.220,
8000,.020,.226,
8100,.020,.234,
8200,.021,.241,
8300,.020,.239,
